2.837115723960333469e+01
3.065277081538182458e+00
1.128611678700410970e+01
9.786915294904869000e+00
1.239836525972147818e+01
1.381429245075112000e+00
2.897433575416227036e+00
2.420182340956873546e+01
1.702455386836833995e+01
9.941327479232896280e+00
9.827167145531216619e+00
2.866817678456816765e+01
1.623860843790978947e+01
1.818528751920505471e+01
1.350578695607438995e+01
2.783838169534529072e+01
2.102155440398534303e-01
2.825848148619585132e+01
1.819076247134299162e-01
9.948981923114608161e-01
3.931091280344539918e+00
2.701031996673371793e+01
1.113210040272962331e+01
2.756273793335881095e+01
6.027930156152806696e+00
2.011829038735733377e+01
1.099077520338717129e+01
1.730314348154495008e+01
4.540872748737209363e+00
2.227277992455018563e+01
