1.365639909629428672e+01
1.562182197459972066e+01
2.956743951379516844e+01
3.015678289042483584e+00
1.877962913563780845e+01
2.190543944264127418e+01
4.329056699414329579e+00
1.079366953046816135e+01
2.032374695211195714e+01
4.629588124128377835e+00
1.581979520794110883e+01
2.002396358423098022e+01
2.436790378887335606e+01
1.113073235009947037e+00
9.800772773102265134e+00
2.737014356297389206e+00
2.469049497177400809e+01
2.763286961088872928e+01
1.738354134660912109e+01
3.018293805162206578e+00
4.200522361141658223e+00
1.598844963764632610e+01
2.884469127779845365e+01
2.197449208112882957e+01
2.525200528534286093e+01
2.953491202040283525e+01
2.122746236701460987e+01
3.431863015684657459e+00
1.010596870294858540e+01
1.165405903321289038e+01
